0.9955000000001482
0.9910000000002963
0.9865000000004445
0.9820000000005926
0.9775000000007408
0.9730000000008889
0.9685000000010371
0.9640000000011852
0.9595000000013334
0.9550000000014816
0.9505000000016297
0.9460000000017779
0.941500000001926
0.9370000000020742
0.9325000000022223
0.9280000000023705
0.9235000000025186
0.9190000000026668
0.914500000002815
0.9100000000029631
0.9055000000031113
0.9010000000032594
0.8965000000034076
0.8920000000035557
0.8875000000037039
0.883000000003852
0.8785000000040002
0.8740000000041483
0.8695000000042965
0.8650000000044447
0.8605000000045928
0.856000000004741
0.8515000000048891
0.8470000000050373
0.8425000000051854
0.8380000000053336
0.8335000000054817
0.8290000000056299
0.824500000005778
0.8200000000059262
0.8155000000060744
0.8110000000062225
0.8065000000063707
0.8020000000065188
0.797500000006667
0.7930000000068151
0.7885000000069633
0.7840000000071115
0.7795000000072596
0.7750000000074078
0.7705000000075559
0.7660000000077041
0.7615000000078522
0.7570000000080004
0.7525000000081485
0.7480000000082967
0.7435000000084449
0.739000000008593
0.7345000000087412
0.7300000000088893
0.7255000000090375
0.7210000000091856
0.7165000000093338
0.7120000000094819
0.7075000000096301
0.7030000000097782
0.6985000000099264
0.6940000000100746
0.6895000000102227
0.6850000000103709
0.680500000010519
0.6760000000106672
0.6715000000108153
0.6670000000109635
0.6625000000111116
0.6580000000112598
0.653500000011408
0.6490000000115561
0.6445000000117043
0.6400000000118524
0.6355000000120006
0.6310000000121487
0.6265000000122969
0.622000000012445
0.6175000000125932
0.6130000000127414
0.6085000000128895
0.6040000000130377
0.5995000000131858
0.595000000013334
0.5905000000134821
0.5860000000136303
0.5815000000137784
0.5770000000139266
0.5725000000140748
0.5680000000142229
0.5635000000143711
0.5590000000145192
0.5545000000146674
0.5500000000148155
0.5455000000149637
0.5410000000151118
0.53650000001526
0.5320000000154081
0.5275000000155563
0.5230000000157045
0.5185000000158526
0.5140000000160008
0.5095000000161489
0.5050000000162971
0.5005000000164452
0.49600000001634664
0.49150000001621724
0.48700000001608784
0.48250000001595844
0.47800000001582904
0.47350000001569964
0.46900000001557024
0.46450000001544084
0.46000000001531144
0.45550000001518204
0.45100000001505264
0.44650000001492324
0.44200000001479384
0.43750000001466444
0.43300000001453504
0.42850000001440564
0.42400000001427623
0.41950000001414683
0.41500000001401743
0.41050000001388803
0.40600000001375863
0.40150000001362923
0.39700000001349983
0.39250000001337043
0.38800000001324103
0.38350000001311163
0.37900000001298223
0.37450000001285283
0.37000000001272343
0.36550000001259403
0.36100000001246463
0.3565000000123352
0.3520000000122058
0.3475000000120764
0.343000000011947
0.3385000000118176
0.3340000000116882
0.3295000000115588
0.3250000000114294
0.3205000000113
0.3160000000111706
0.3115000000110412
0.3070000000109118
0.3025000000107824
0.298000000010653
0.2935000000105236
0.2890000000103942
0.2845000000102648
0.2800000000101354
0.275500000010006
0.2710000000098766
0.2665000000097472
0.2620000000096178
0.2575000000094884
0.253000000009359
0.24850000000927588
0.24400000000928526
0.23950000000929464
0.23500000000930402
0.2305000000093134
0.22600000000932277
0.22150000000933215
0.21700000000934153
0.2125000000093509
0.20800000000936028
0.20350000000936966
0.19900000000937904
0.1945000000093884
0.1900000000093978
0.18550000000940717
0.18100000000941655
0.17650000000942592
0.1720000000094353
0.16750000000944468
0.16300000000945405
0.15850000000946343
0.1540000000094728
0.1495000000094822
0.14500000000949156
0.14050000000950094
0.13600000000951032
0.1315000000095197
0.12700000000952907
0.12250000000953845
0.11800000000954783
0.1135000000095572
0.10900000000956658
0.10450000000957596
0.10000000000958534
0.1
0.1
0.1
0.1
0.1
0.1
0.1
0.1
0.1
0.1
0.1
0.1
0.1
0.1
0.1
0.1
0.1
0.1
0.1
0.1
0.1
0.1
0.1
0.1
0.1
0.1
0.1
0.1
0.1
0.1
0.1
0.1
0.1
0.1
0.1
0.1
0.1
0.1
0.1
0.1
0.1
0.1
0.1
0.1
0.1
0.1
0.1
0.1
0.1
0.1
0.1
0.1
0.1
0.1
0.1
0.1
0.1
0.1
0.1
0.1
0.1
0.1
0.1
0.1
0.1
0.1
0.1
0.1
0.1
0.1
0.1
0.1
0.1
0.1
0.1
0.1
0.1
0.1
0.1
0.1
0.1
0.1
0.1
0.1
0.1
0.1
0.1
0.1
0.1
0.1
0.1
0.1
0.1
0.1
0.1
0.1
0.1
0.1
0.1
0.1
0.1
0.1
0.1
0.1
0.1
0.1
0.1
0.1
0.1
0.1
0.1
0.1
0.1
0.1
0.1
0.1
0.1
0.1
0.1
0.1
0.1
0.1
0.1
0.1
0.1
0.1
0.1
0.1
0.1
0.1
0.1
0.1
0.1
0.1
0.1
0.1
0.1
0.1
0.1
0.1
0.1
0.1
0.1
0.1
0.1
0.1
0.1
0.1
0.1
0.1
0.1
0.1
0.1
0.1
0.1
0.1
0.1
0.1
0.1
0.1
0.1
0.1
0.1
0.1
0.1
0.1
0.1
0.1
0.1
0.1
0.1
0.1
0.1
0.1
0.1
0.1
0.1
0.1
0.1
0.1
0.1
0.1
0.1
0.1
0.1
0.1
0.1
0.1
0.1
0.1
0.1
0.1
0.1
0.1
0.1
0.1
0.1
0.1
0.1
0.1
0.1
0.1
0.1
0.1
0.1
0.1
0.1
0.1
0.1
0.1
0.1
0.1
0.1
0.1
0.1
0.1
0.1
0.1
0.1
0.1
0.1
0.1
0.1
0.1
0.1
0.1
0.1
0.1
0.1
0.1
0.1
0.1
0.1
0.1
0.1
0.1
0.1
0.1
0.1
0.1
0.1
0.1
0.1
0.1
0.1
0.1
0.1
0.1
0.1
0.1
0.1
0.1
0.1
0.1
0.1
0.1
0.1
0.1
0.1
0.1
0.1
0.1
0.1
0.1
0.1
0.1
0.1
0.1
0.1
0.1
0.1
0.1
0.1
0.1
0.1
0.1
0.1
0.1
0.1
0.1
0.1
0.1
0.1
0.1
0.1
0.1
0.1
0.1
0.1
0.1
0.1
0.1
0.1
0.1
0.1
0.1
0.1
0.1
0.1
0.1
0.1
0.1
0.1
0.1
0.1
0.1
0.1
0.1
0.1
0.1
0.1
0.1
0.1
0.1
0.1
0.1
0.1
0.1
0.1
0.1
0.1
0.1
0.1
0.1
0.1
0.1
0.1
0.1
0.1
0.1
0.1
0.1
0.1
0.1
0.1
0.1
0.1
0.1
0.1
0.1
0.1
0.1
0.1
0.1
0.1
0.1
0.1
0.1
0.1
0.1
0.1
0.1
0.1
0.1
0.1
0.1
0.1
0.1
0.1
0.1
0.1
0.1
0.1
0.1
0.1
0.1
0.1
0.1
0.1
0.1
0.1
0.1
0.1
0.1
0.1
0.1
0.1
0.1
0.1
0.1
0.1
0.1
0.1
0.1
0.1
0.1
0.1
0.1
0.1
0.1
0.1
0.1
0.1
0.1
0.1
0.1
0.1
0.1
0.1
0.1
0.1
0.1
0.1
0.1
0.1
0.1
0.1
0.1
0.1
0.1
0.1
0.1
0.1
0.1
0.1
0.1
0.1
0.1
0.1
0.1
0.1
0.1
0.1
0.1
0.1
0.1
0.1
0.1
0.1
0.1
0.1
0.1
0.1
0.1
0.1
0.1
0.1
0.1
0.1
0.1
0.1
0.1
0.1
0.1
0.1
0.1
0.1
0.1
